97.614 6.3728848e-08 -56.446 246.53 -26.183 66.53 26.183000000000007
-103.607 6.5269333e-08 -63.601 246.53 -28.811 66.531 -28.811
-74.066 6.7184594e-08 -63.719 246.53 31.653999999999996 66.53 31.653999999999996
-14.509 6.899355e-08 -69.097 246.53 34.013000000000005 66.531 -34.013
48.666 1.9465661e-07 -74.057 263.209 -8.305999999999997 276.791 8.305999999999997
-9.49 2.2281665e-07 -75.076 95.779 -7.25 84.002 7.25
31.458 7.7795164e-08 -77.175 313.367 -21.189999999999998 46.203 21.189999999999998
-128.148 1.9963289e-07 -79.124 284.284 -8.096999999999994 284.715 8.096999999999994
-8.274 2.2730062e-07 -79.165 76.845 -7.1059999999999945 77.056 7.1059999999999945
60.598 1.1074214e-07 -79.514 246.53 -58.907 66.53 58.90700000000001
11.866 2.2326212e-07 -82.452 95.779 -8.099000000000004 84.002 -8.099000000000004
47.077 1.9516638e-07 -83.532 263.209 -9.275000000000006 276.791 -9.275000000000006
168.053 2.2382953e-07 -84.28 95.779 9.063000000000002 84.002 9.063000000000002
101.813 7.6050367e-07 -85.305 183.748 -2.1189999999999998 175.818 2.1189999999999998
161.209 7.6184369e-07 -85.37 174.941 -2.114999999999995 174.507 2.114999999999995
174.159 1.9581522e-07 -86.104 263.209 10.373000000000005 276.791 10.373000000000005
-124.547 7.6063424e-07 -86.409 183.748 -2.3700000000000045 175.818 -2.3700000000000045
175.507 7.6080102e-07 -86.61 183.747 2.656000000000006 175.818 2.656000000000006
171.768 1.9968664e-07 -87.27 282.324 -8.094999999999999 285.635 8.094999999999999
-76.713 8.107525e-08 -87.594 318.748 11.393 48.488 30.194999999999993
-68.845 7.9062048e-08 -87.724 313.367 -23.444000000000003 46.203 -23.444000000000003
79.38 8.065043e-08 -88.467 313.367 25.923000000000002 46.203 25.923000000000002
19.992 1.996537e-07 -88.596 283.017 -8.096999999999994 285.266 8.096999999999994
37.08 3.6047163e-07 -89.004 93.466 -4.474000000000004 273.685 4.474000000000004
-160.388 4.650187e-07 -91.1 267.252 -3.4669999999999987 87.033 3.4669999999999987